0.5838791208791209	0.5838791208791209
0.20363736263736262	0.20363736263736262
0.268208791208791	0.268208791208791
0.5043296703296701	0.5043296703296701
0.2514285714285713	0.2514285714285713
0.02963736263736263	0.02963736263736263
0.3164945054945055	0.3164945054945055
0.4151098901098901	0.4151098901098901
0.2346813186813187	0.2346813186813187
0.22940659340659345	0.22940659340659345
0.5480989010989011	0.5480989010989011
0.6425934065934066	0.6425934065934066
0.361131868131868	0.361131868131868
0.1995934065934066	0.1995934065934066
0.389010989010989	0.389010989010989
0.18680219780219784	0.18680219780219784
0.615164835164835	0.615164835164835
0.5325714285714286	0.5325714285714286
0.2211098901098901	0.2211098901098901
0.3198901098901099	0.3198901098901099
0.21120879120879119	0.21120879120879119
0.12935164835164834	0.12935164835164834
0.5336923076923078	0.5336923076923078
0.41717582417582416	0.41717582417582416
0.43632967032967035	0.43632967032967035
0.34484615384615386	0.34484615384615386
0.08337362637362639	0.08337362637362639
0.07184615384615382	0.07184615384615382
0.4332527472527474	0.4332527472527474
0.07303296703296702	0.07303296703296702
0.17372527472527474	0.17372527472527474
0.22857142857142854	0.22857142857142854
0.2429120879120879	0.2429120879120879
0.8121978021978017	0.8121978021978017
0.2455164835164835	0.2455164835164835
0.3572747252747252	0.3572747252747252
0.10927472527472529	0.10927472527472529
0.3441868131868132	0.3441868131868132
0.02570329670329669	0.02570329670329669
0.20306593406593407	0.20306593406593407
0.17625274725274723	0.17625274725274723
0.4005934065934066	0.4005934065934066
0.22260439560439566	0.22260439560439566
0.6780989010989009	0.6780989010989009
0.8171318681318682	0.8171318681318682
0.2657802197802199	0.2657802197802199
0.10457142857142857	0.10457142857142857
0.3844285714285714	0.3844285714285714
0.16837362637362638	0.16837362637362638
0.364054945054945	0.364054945054945
0.1870989010989011	0.1870989010989011
0.4208461538461538	0.4208461538461538
0.7635164835164836	0.7635164835164836
0.37641758241758233	0.37641758241758233
0.3411208791208792	0.3411208791208792
0.3920329670329671	0.3920329670329671
0.7136373626373627	0.7136373626373627
0.4568351648351651	0.4568351648351651
0.18046153846153842	0.18046153846153842
0.21596703296703307	0.21596703296703307
0.43667032967032976	0.43667032967032976
0.33234065934065926	0.33234065934065926
0.2041978021978022	0.2041978021978022
0.03373626373626373	0.03373626373626373
0.4942857142857145	0.4942857142857145
0.09041758241758244	0.09041758241758244
0.019890109890109885	0.019890109890109885
0.2594395604395605	0.2594395604395605
0.040230769230769216	0.040230769230769216
0.3391648351648351	0.3391648351648351
0.6888241758241758	0.6888241758241758
0.22989010989010994	0.22989010989010994
0.023967032967032953	0.023967032967032953
0.6444285714285715	0.6444285714285715
0.32904395604395614	0.32904395604395614
0.5186153846153846	0.5186153846153846
0.7003186813186811	0.7003186813186811
0.22897802197802186	0.22897802197802186
0.15264835164835167	0.15264835164835167
0.031208791208791192	0.031208791208791192
0.2982747252747253	0.2982747252747253
0.1291978021978022	0.1291978021978022
0.673230769230769	0.673230769230769
0.40571428571428564	0.40571428571428564
0.2585824175824176	0.2585824175824176
0.49780219780219775	0.49780219780219775
0.4190659340659338	0.4190659340659338
0.2459230769230769	0.2459230769230769
0.378054945054945	0.378054945054945
0.2430439560439559	0.2430439560439559
0.30806593406593386	0.30806593406593386
0.03557142857142855	0.03557142857142855
0.1308791208791209	0.1308791208791209
0.18728571428571436	0.18728571428571436
0.4412087912087912	0.4412087912087912
0.16380219780219782	0.16380219780219782
0.6186043956043954	0.6186043956043954
0.4511648351648353	0.4511648351648353
0.21179120879120875	0.21179120879120875
0.5397912087912088	0.5397912087912088
0.20884615384615385	0.20884615384615385
0.20014285714285715	0.20014285714285715
0.315956043956044	0.315956043956044
0.8027912087912085	0.8027912087912085
0.40959340659340654	0.40959340659340654
0.1598131868131868	0.1598131868131868
0.32327472527472545	0.32327472527472545
0.14549450549450543	0.14549450549450543
0.17823076923076925	0.17823076923076925
0.3880769230769232	0.3880769230769232
0.18396703296703296	0.18396703296703296
0.16992307692307695	0.16992307692307695
0.36189010989010983	0.36189010989010983
0.24341758241758246	0.24341758241758246
0.10024175824175824	0.10024175824175824
0.3554395604395606	0.3554395604395606
0.447923076923077	0.447923076923077
0.5340769230769233	0.5340769230769233
0.33191208791208787	0.33191208791208787
0.13407692307692307	0.13407692307692307
0.6061428571428571	0.6061428571428571
0.4369670329670331	0.4369670329670331
0.1938131868131867	0.1938131868131867
0.05456043956043955	0.05456043956043955
0.525010989010989	0.525010989010989
0.3475384615384616	0.3475384615384616
0.20753846153846162	0.20753846153846162
0.029868131868131857	0.029868131868131857
0.6226923076923077	0.6226923076923077
0.06067032967032966	0.06067032967032966
0.43887912087912084	0.43887912087912084
0.5065054945054945	0.5065054945054945
0.10698901098901105	0.10698901098901105
0.23604395604395606	0.23604395604395606
0.05074725274725273	0.05074725274725273
0.07794505494505495	0.07794505494505495
0.21413186813186813	0.21413186813186813
0.15184615384615385	0.15184615384615385
0.20549450549450549	0.20549450549450549
0.31810989010989	0.31810989010989
0.5182417582417583	0.5182417582417583
0.3563186813186814	0.3563186813186814
0.43039560439560437	0.43039560439560437
0.6011098901098899	0.6011098901098899
0.1623736263736264	0.1623736263736264
0.04265934065934066	0.04265934065934066
0.3580989010989011	0.3580989010989011
0.12915384615384615	0.12915384615384615
0.3327032967032967	0.3327032967032967
0.15692307692307697	0.15692307692307697
0.2601538461538461	0.2601538461538461
0.2326373626373627	0.2326373626373627
0.49982417582417576	0.49982417582417576
0.3914945054945054	0.3914945054945054
0.5946043956043959	0.5946043956043959
0.14817582417582423	0.14817582417582423
0.19067032967032965	0.19067032967032965
0.6884505494505495	0.6884505494505495
0.10764835164835164	0.10764835164835164
0.3027362637362637	0.3027362637362637
0.0886593406593407	0.0886593406593407
0.5537692307692303	0.5537692307692303
0.08880219780219782	0.08880219780219782
0.24583516483516485	0.24583516483516485
0.6782087912087912	0.6782087912087912
0.35180219780219774	0.35180219780219774
0.11043956043956041	0.11043956043956041
0.22565934065934065	0.22565934065934065
0.3335714285714285	0.3335714285714285
0.10801098901098903	0.10801098901098903
0.31763736263736275	0.31763736263736275
0.5712527472527472	0.5712527472527472
0.10143956043956046	0.10143956043956046
0.32030769230769224	0.32030769230769224
0.0861098901098901	0.0861098901098901
0.3773956043956044	0.3773956043956044
0.107989010989011	0.107989010989011
0.2953516483516483	0.2953516483516483
0.16064835164835164	0.16064835164835164
0.4523186813186814	0.4523186813186814
0.3577472527472527	0.3577472527472527
0.16018681318681316	0.16018681318681316
0.03159340659340658	0.03159340659340658
0.1344505494505495	0.1344505494505495
0.5752417582417583	0.5752417582417583
0.12341758241758234	0.12341758241758234
0.11552747252747253	0.11552747252747253
0.13119780219780217	0.13119780219780217
0.28670329670329675	0.28670329670329675
0.28993406593406584	0.28993406593406584
0.28482417582417585	0.28482417582417585
0.05935164835164837	0.05935164835164837
0.0858901098901099	0.0858901098901099
0.26219780219780225	0.26219780219780225
0.16452747252747246	0.16452747252747246
0.4814945054945057	0.4814945054945057
0.42607692307692296	0.42607692307692296
0.3266703296703297	0.3266703296703297
0.11808791208791215	0.11808791208791215
0.5540879120879121	0.5540879120879121
0.19397802197802202	0.19397802197802202
0.3945714285714286	0.3945714285714286
0.14298901098901098	0.14298901098901098
0.11726373626373628	0.11726373626373628
0.644098901098901	0.644098901098901
0.4537142857142857	0.4537142857142857
0.1730109890109891	0.1730109890109891
0.22225274725274727	0.22225274725274727
0.09807692307692305	0.09807692307692305
0.06141758241758243	0.06141758241758243
0.38010989010989005	0.38010989010989005
0.28883516483516486	0.28883516483516486
0.4342417582417582	0.4342417582417582
0.25367032967032965	0.25367032967032965
0.14952747252747253	0.14952747252747253
0.16190109890109894	0.16190109890109894
0.6250000000000001	0.6250000000000001
0.10028571428571426	0.10028571428571426
0.4814505494505495	0.4814505494505495
0.13638461538461544	0.13638461538461544
0.12626373626373635	0.12626373626373635
0.2862307692307692	0.2862307692307692
0.10339560439560443	0.10339560439560443
0.26860439560439564	0.26860439560439564
0.23464835164835163	0.23464835164835163
0.7194285714285712	0.7194285714285712
0.7766263736263733	0.7766263736263733
0.08034065934065934	0.08034065934065934
0.1162747252747253	0.1162747252747253
0.8381318681318681	0.8381318681318681
0.25917582417582424	0.25917582417582424
0.15374725274725284	0.15374725274725284
0.6653626373626372	0.6653626373626372
0.20474725274725272	0.20474725274725272
0.6033406593406594	0.6033406593406594
0.09662637362637362	0.09662637362637362
0.4493846153846154	0.4493846153846154
0.2618571428571429	0.2618571428571429
0.38183516483516466	0.38183516483516466
0.9530769230769232	0.9530769230769232
0.4319340659340661	0.4319340659340661
0.07365934065934066	0.07365934065934066
0.40447252747252743	0.40447252747252743
0.305065934065934	0.305065934065934
0.5744065934065933	0.5744065934065933
0.33397802197802196	0.33397802197802196
0.8617692307692308	0.8617692307692308
0.25502197802197796	0.25502197802197796
0.12338461538461538	0.12338461538461538
0.5101758241758242	0.5101758241758242
0.07772527472527471	0.07772527472527471
0.04665934065934065	0.04665934065934065
0.4789670329670331	0.4789670329670331
0.4545714285714286	0.4545714285714286
0.766901098901099	0.766901098901099
0.18451648351648353	0.18451648351648353
0.24043956043956038	0.24043956043956038
0.10002197802197804	0.10002197802197804
0.2931868131868133	0.2931868131868133
0.17647252747252748	0.17647252747252748
0.25774725274725274	0.25774725274725274
0.1857582417582417	0.1857582417582417
0.4797692307692308	0.4797692307692308
0.7543186813186816	0.7543186813186816
0.06593406593406595	0.06593406593406595
0.4509780219780219	0.4509780219780219
0.2813406593406593	0.2813406593406593
0.30110989010989	0.30110989010989
0.2957912087912088	0.2957912087912088
0.5129230769230768	0.5129230769230768
0.2468351648351649	0.2468351648351649
0.02860439560439559	0.02860439560439559
0.7283186813186812	0.7283186813186812
0.47718681318681294	0.47718681318681294
0.17090109890109895	0.17090109890109895
0.15184615384615385	0.15184615384615385
0.15253846153846154	0.15253846153846154
0.322923076923077	0.322923076923077
0.1836813186813187	0.1836813186813187
0.27163736263736254	0.27163736263736254
0.23453846153846158	0.23453846153846158
0.4815824175824177	0.4815824175824177
0.4035714285714287	0.4035714285714287
0.2291098901098902	0.2291098901098902
0.5322417582417581	0.5322417582417581
0.15504395604395602	0.15504395604395602
0.06334065934065931	0.06334065934065931
0.314956043956044	0.314956043956044
0.16841758241758234	0.16841758241758234
0.5197802197802199	0.5197802197802199
0.37437362637362637	0.37437362637362637
0.2779340659340659	0.2779340659340659
0.46509890109890106	0.46509890109890106
0.05456043956043957	0.05456043956043957
0.10936263736263738	0.10936263736263738
0.03768131868131869	0.03768131868131869
0.28909890109890096	0.28909890109890096
0.26836263736263744	0.26836263736263744
0.1589670329670329	0.1589670329670329
0.39164835164835166	0.39164835164835166
0.3884065934065934	0.3884065934065934
0.30825274725274726	0.30825274725274726
0.4009890109890112	0.4009890109890112
0.4122307692307693	0.4122307692307693
0.47462637362637383	0.47462637362637383
0.1893296703296704	0.1893296703296704
0.052219780219780215	0.052219780219780215
0.44701098901098907	0.44701098901098907
0.07282417582417583	0.07282417582417583
0.19654945054945058	0.19654945054945058
0.36821978021978025	0.36821978021978025
0.5182747252747253	0.5182747252747253
0.21498901098901102	0.21498901098901102
0.017769230769230763	0.017769230769230763
0.09261538461538463	0.09261538461538463
0.38521978021978037	0.38521978021978037
0.12404395604395604	0.12404395604395604
0.09681318681318683	0.09681318681318683
0.21186813186813191	0.21186813186813191
0.2762637362637363	0.2762637362637363
0.08805494505494503	0.08805494505494503
0.45135164835164854	0.45135164835164854
0.1462087912087912	0.1462087912087912
0.09485714285714288	0.09485714285714288
0.24885714285714278	0.24885714285714278
0.20892307692307696	0.20892307692307696
0.37374725274725284	0.37374725274725284
0.32520879120879115	0.32520879120879115
0.318912087912088	0.318912087912088
0.5615494505494506	0.5615494505494506
0.45618681318681326	0.45618681318681326
0.2140879120879121	0.2140879120879121
0.3535714285714286	0.3535714285714286
0.47709890109890085	0.47709890109890085
0.5668571428571428	0.5668571428571428
0.10536263736263736	0.10536263736263736
0.22445054945054937	0.22445054945054937
0.10241758241758242	0.10241758241758242
0.5064945054945057	0.5064945054945057
0.296967032967033	0.296967032967033
0.9054615384615385	0.9054615384615385
0.4555934065934068	0.4555934065934068
0.24946153846153854	0.24946153846153854
0.30836263736263725	0.30836263736263725
0.11054945054945052	0.11054945054945052
0.3029450549450549	0.3029450549450549
0.3529780219780221	0.3529780219780221
0.5177912087912088	0.5177912087912088
0.25073626373626356	0.25073626373626356
0.06661538461538463	0.06661538461538463
0.6156703296703293	0.6156703296703293
0.4156593406593408	0.4156593406593408
0.41359340659340654	0.41359340659340654
0.44656043956043956	0.44656043956043956
0.27146153846153837	0.27146153846153837
0.44020879120879103	0.44020879120879103
0.14939560439560445	0.14939560439560445
0.49782417582417576	0.49782417582417576
0.07715384615384617	0.07715384615384617
0.7149890109890109	0.7149890109890109
0.10053846153846153	0.10053846153846153
0.46684615384615374	0.46684615384615374
0.2628351648351648	0.2628351648351648
0.13642857142857137	0.13642857142857137
0.27406593406593416	0.27406593406593416
0.3000439560439561	0.3000439560439561
0.6615384615384616	0.6615384615384616
0.6092087912087913	0.6092087912087913
0.23025274725274716	0.23025274725274716
0.19143956043956056	0.19143956043956056
0.21736263736263733	0.21736263736263733
0.3016263736263737	0.3016263736263737
0.7426593406593406	0.7426593406593406
0.06556043956043957	0.06556043956043957
0.4892967032967033	0.4892967032967033
0.13045054945054946	0.13045054945054946
0.12764835164835164	0.12764835164835164
0.28385714285714275	0.28385714285714275
0.5955824175824174	0.5955824175824174
0.6438571428571429	0.6438571428571429
0.3382197802197802	0.3382197802197802
0.2872087912087912	0.2872087912087912
0.7409230769230771	0.7409230769230771
0.19027472527472528	0.19027472527472528
0.062186813186813183	0.062186813186813183
0.585021978021978	0.585021978021978
0.4624505494505494	0.4624505494505494
0.35371428571428565	0.35371428571428565
0.055934065934065934	0.055934065934065934
0.10814285714285711	0.10814285714285711
0.2716373626373626	0.2716373626373626
0.05458241758241759	0.05458241758241759
0.7713076923076926	0.7713076923076926
0.17557142857142866	0.17557142857142866
0.1032087912087912	0.1032087912087912
0.14176923076923073	0.14176923076923073
0.9014945054945055	0.9014945054945055
0.32217582417582413	0.32217582417582413
0.08010989010989009	0.08010989010989009
0.22504395604395608	0.22504395604395608
0.046164835164835154	0.046164835164835154
0.6712197802197807	0.6712197802197807
0.061901098901098885	0.061901098901098885
0.20684615384615382	0.20684615384615382
0.33052747252747255	0.33052747252747255
0.32932967032967037	0.32932967032967037
0.42896703296703304	0.42896703296703304
0.09363736263736266	0.09363736263736266
0.10918681318681321	0.10918681318681321
0.19274725274725277	0.19274725274725277
0.5976483516483516	0.5976483516483516
0.051681318681318665	0.051681318681318665
0.2358131868131869	0.2358131868131869
0.5025494505494504	0.5025494505494504
0.13813186813186812	0.13813186813186812
0.4246373626373629	0.4246373626373629
0.4710989010989009	0.4710989010989009
0.1969670329670329	0.1969670329670329
0.3553956043956044	0.3553956043956044
0.2908681318681319	0.2908681318681319
0.36504395604395606	0.36504395604395606
0.3893956043956045	0.3893956043956045
0.1877362637362637	0.1877362637362637
0.4781318681318682	0.4781318681318682
0.47214285714285703	0.47214285714285703
0.4722637362637361	0.4722637362637361
0.5068021978021979	0.5068021978021979
0.1171758241758242	0.1171758241758242
0.6099780219780216	0.6099780219780216
0.5489560439560439	0.5489560439560439
0.6707142857142859	0.6707142857142859
0.4961758241758243	0.4961758241758243
0.5537362637362636	0.5537362637362636
0.4351868131868133	0.4351868131868133
0.44450549450549437	0.44450549450549437
0.783835164835165	0.783835164835165
0.09637362637362643	0.09637362637362643
0.2715714285714286	0.2715714285714286
0.16284615384615395	0.16284615384615395
0.14663736263736266	0.14663736263736266
0.0556043956043956	0.0556043956043956
0.15072527472527475	0.15072527472527475
0.6794175824175827	0.6794175824175827
0.10686813186813188	0.10686813186813188
0.18262637362637357	0.18262637362637357
0.22473626373626382	0.22473626373626382
0.3462417582417584	0.3462417582417584
0.1320769230769231	0.1320769230769231
0.2992967032967031	0.2992967032967031
0.19505494505494506	0.19505494505494506
0.35191208791208783	0.35191208791208783
0.2826593406593406	0.2826593406593406
0.19445054945054946	0.19445054945054946
0.30714285714285716	0.30714285714285716
0.477120879120879	0.477120879120879
0.16448351648351647	0.16448351648351647
0.28778021978021984	0.28778021978021984
0.4576593406593408	0.4576593406593408
0.12437362637362635	0.12437362637362635
0.7262527472527471	0.7262527472527471
0.2535604395604395	0.2535604395604395
0.08023076923076926	0.08023076923076926
0.2743516483516484	0.2743516483516484
0.24281318681318692	0.24281318681318692
0.12634065934065933	0.12634065934065933
0.2963956043956042	0.2963956043956042
0.1602527472527472	0.1602527472527472
0.1596703296703297	0.1596703296703297
0.10164835164835163	0.10164835164835163
0.3555274725274725	0.3555274725274725
0.05701098901098897	0.05701098901098897
0.38313186813186806	0.38313186813186806
0.3750109890109891	0.3750109890109891
0.28102197802197804	0.28102197802197804
0.34561538461538455	0.34561538461538455
0.1460439560439561	0.1460439560439561
0.4863076923076921	0.4863076923076921
0.4256703296703297	0.4256703296703297
0.1629010989010989	0.1629010989010989
0.5125934065934067	0.5125934065934067
0.6112637362637362	0.6112637362637362
0.16256043956043958	0.16256043956043958
0.21497802197802193	0.21497802197802193
0.722065934065934	0.722065934065934
0.5030109890109893	0.5030109890109893
0.3576593406593408	0.3576593406593408
0.615989010989011	0.615989010989011
0.5604395604395604	0.5604395604395604
0.5486043956043959	0.5486043956043959
0.07063736263736263	0.07063736263736263
0.33302197802197797	0.33302197802197797
0.059901098901098904	0.059901098901098904
0.01725274725274725	0.01725274725274725
0.009197802197802203	0.009197802197802203
0.3146703296703297	0.3146703296703297
0.532032967032967	0.532032967032967
0.04948351648351647	0.04948351648351647
0.2244615384615385	0.2244615384615385
0.58389010989011	0.58389010989011
0.1611978021978022	0.1611978021978022
0.05372527472527471	0.05372527472527471
0.2983186813186814	0.2983186813186814
0.28007692307692306	0.28007692307692306
0.04380219780219779	0.04380219780219779
0.5935824175824176	0.5935824175824176
0.12916483516483523	0.12916483516483523
0.25857142857142845	0.25857142857142845
0.628043956043956	0.628043956043956
0.0991868131868132	0.0991868131868132
0.31163736263736264	0.31163736263736264
0.19987912087912085	0.19987912087912085
0.3092857142857143	0.3092857142857143
0.40221978021978033	0.40221978021978033
0.6067472527472527	0.6067472527472527
0.7089450549450549	0.7089450549450549
0.1324725274725274	0.1324725274725274
0.30391208791208785	0.30391208791208785
0.5258571428571428	0.5258571428571428
0.2740769230769231	0.2740769230769231
0.11535164835164831	0.11535164835164831
0.5265934065934066	0.5265934065934066
0.10517582417582419	0.10517582417582419
0.0621978021978022	0.0621978021978022
0.30612087912087915	0.30612087912087915
0.42664835164835185	0.42664835164835185
0.026021978021978014	0.026021978021978014
0.30792307692307685	0.30792307692307685
0.40914285714285703	0.40914285714285703
0.19659340659340663	0.19659340659340663
0.3996043956043958	0.3996043956043958
0.18763736263736266	0.18763736263736266
0.08975824175824176	0.08975824175824176
0.08747252747252751	0.08747252747252751
0.16639560439560447	0.16639560439560447
0.1062527472527473	0.1062527472527473
0.5812857142857143	0.5812857142857143
0.47676923076923095	0.47676923076923095
0.595714285714286	0.595714285714286
0.5169780219780217	0.5169780219780217
0.1622967032967033	0.1622967032967033
0.6744725274725274	0.6744725274725274
0.4384395604395608	0.4384395604395608
0.8246923076923075	0.8246923076923075
0.5962417582417584	0.5962417582417584
0.3822747252747251	0.3822747252747251
0.0997912087912088	0.0997912087912088
0.5013736263736263	0.5013736263736263
0.13919780219780223	0.13919780219780223
0.2641098901098903	0.2641098901098903
0.07351648351648349	0.07351648351648349
0.31430769230769234	0.31430769230769234
0.2143846153846153	0.2143846153846153
0.5713516483516483	0.5713516483516483
0.24927472527472533	0.24927472527472533
0.3130769230769232	0.3130769230769232
0.05830769230769232	0.05830769230769232
0.1741538461538462	0.1741538461538462
0.11068131868131866	0.11068131868131866
0.10502197802197803	0.10502197802197803
0.09095604395604398	0.09095604395604398
0.4660109890109892	0.4660109890109892
0.4568241758241755	0.4568241758241755
0.38812087912087906	0.38812087912087906
0.24994505494505506	0.24994505494505506
0.6213406593406594	0.6213406593406594
0.18498901098901094	0.18498901098901094
0.08895604395604396	0.08895604395604396
0.1120439560439561	0.1120439560439561
0.5567362637362637	0.5567362637362637
0.4151758241758243	0.4151758241758243
0.370945054945055	0.370945054945055
0.525923076923077	0.525923076923077
0.15889010989010988	0.15889010989010988
0.4578021978021978	0.4578021978021978
0.1822857142857143	0.1822857142857143
0.41876923076923095	0.41876923076923095
0.22072527472527476	0.22072527472527476
0.26740659340659345	0.26740659340659345
0.2667912087912089	0.2667912087912089
0.1642857142857143	0.1642857142857143
0.4600659340659339	0.4600659340659339
0.9012747252747256	0.9012747252747256
0.1439120879120879	0.1439120879120879
0.08305494505494505	0.08305494505494505
0.6524945054945056	0.6524945054945056
0.2206263736263737	0.2206263736263737
0.7761208791208789	0.7761208791208789
0.15812087912087916	0.15812087912087916
0.10402197802197807	0.10402197802197807
0.44972527472527485	0.44972527472527485
0.8297472527472528	0.8297472527472528
0.23040659340659336	0.23040659340659336
0.09436263736263736	0.09436263736263736
0.2625824175824175	0.2625824175824175
0.39319780219780226	0.39319780219780226
0.2986593406593406	0.2986593406593406
0.06982417582417584	0.06982417582417584
0.0592747252747253	0.0592747252747253
0.17024175824175827	0.17024175824175827
0.36094505494505486	0.36094505494505486
0.560032967032967	0.560032967032967
0.435098901098901	0.435098901098901
0.1977582417582417	0.1977582417582417
0.7320219780219779	0.7320219780219779
0.3357472527472527	0.3357472527472527
0.22864835164835162	0.22864835164835162
0.6393406593406594	0.6393406593406594
0.44357142857142845	0.44357142857142845
0.21091208791208801	0.21091208791208801
0.49468131868131865	0.49468131868131865
0.6958241758241759	0.6958241758241759
0.14008791208791208	0.14008791208791208
0.3627802197802199	0.3627802197802199
0.10426373626373632	0.10426373626373632
0.171956043956044	0.171956043956044
0.19075824175824174	0.19075824175824174
0.3361648351648352	0.3361648351648352
0.1603846153846154	0.1603846153846154
0.16540659340659333	0.16540659340659333
0.3563406593406594	0.3563406593406594
0.24003296703296703	0.24003296703296703
0.20989010989010987	0.20989010989010987
0.06947252747252745	0.06947252747252745
0.07329670329670332	0.07329670329670332
0.36241758241758254	0.36241758241758254
0.40738461538461523	0.40738461538461523
0.5900329670329674	0.5900329670329674
0.0999120879120879	0.0999120879120879
0.06767032967032967	0.06767032967032967
0.4136043956043955	0.4136043956043955
0.3321978021978022	0.3321978021978022
0.08041758241758243	0.08041758241758243
0.6473296703296704	0.6473296703296704
0.13220879120879123	0.13220879120879123
0.25749450549450553	0.25749450549450553
0.5397362637362636	0.5397362637362636
0.2882197802197802	0.2882197802197802
0.08254945054945055	0.08254945054945055
0.4097472527472527	0.4097472527472527
0.5352857142857143	0.5352857142857143
0.2507912087912088	0.2507912087912088
0.4065054945054946	0.4065054945054946
0.22241758241758236	0.22241758241758236
0.1194175824175824	0.1194175824175824
0.13186813186813184	0.13186813186813184
0.06854945054945052	0.06854945054945052
0.3738791208791209	0.3738791208791209
0.4753076923076924	0.4753076923076924
0.2045934065934065	0.2045934065934065
0.37205494505494496	0.37205494505494496
0.5276153846153847	0.5276153846153847
0.5747802197802194	0.5747802197802194
0.3402417582417582	0.3402417582417582
0.04005494505494504	0.04005494505494504
0.5336153846153845	0.5336153846153845
0.04856043956043957	0.04856043956043957
0.18410989010989015	0.18410989010989015
0.25112087912087927	0.25112087912087927
0.31242857142857167	0.31242857142857167
0.15689010989010987	0.15689010989010987
0.3227802197802197	0.3227802197802197
0.22756043956043942	0.22756043956043942
0.5648681318681319	0.5648681318681319
0.19338461538461532	0.19338461538461532
0.4296703296703296	0.4296703296703296
0.28390109890109894	0.28390109890109894
0.2957362637362637	0.2957362637362637
0.18238461538461537	0.18238461538461537
0.42657142857142855	0.42657142857142855
0.41349450549450534	0.41349450549450534
0.46014285714285713	0.46014285714285713
0.17550549450549446	0.17550549450549446
0.49174725274725267	0.49174725274725267
0.19847252747252755	0.19847252747252755
0.15640659340659338	0.15640659340659338
0.3654175824175823	0.3654175824175823
0.27828571428571414	0.27828571428571414
0.15170329670329674	0.15170329670329674
0.45635164835164843	0.45635164835164843
0.484879120879121	0.484879120879121
0.18045054945054953	0.18045054945054953
0.09939560439560441	0.09939560439560441
0.33980219780219784	0.33980219780219784
0.5349560439560439	0.5349560439560439
0.20991208791208807	0.20991208791208807
0.254846153846154	0.254846153846154
0.2825824175824177	0.2825824175824177
0.12532967032967035	0.12532967032967035
0.4968461538461537	0.4968461538461537
0.1428681318681319	0.1428681318681319
0.44857142857142873	0.44857142857142873
0.25046153846153835	0.25046153846153835
0.03291208791208789	0.03291208791208789
0.15493406593406595	0.15493406593406595
0.45857142857142846	0.45857142857142846
0.6140769230769233	0.6140769230769233
0.4146593406593406	0.4146593406593406
0.3826263736263736	0.3826263736263736
0.19385714285714292	0.19385714285714292
0.043989010989011	0.043989010989011
0.0659010989010989	0.0659010989010989
0.5561318681318681	0.5561318681318681
0.08412087912087915	0.08412087912087915
0.41881318681318697	0.41881318681318697
0.060340659340659346	0.060340659340659346
0.8445604395604395	0.8445604395604395
0.20104395604395606	0.20104395604395606
0.28781318681318674	0.28781318681318674
0.28346153846153854	0.28346153846153854
0.7502197802197803	0.7502197802197803
0.31621978021978026	0.31621978021978026
0.0707252747252747	0.0707252747252747
0.059	0.059
0.11312087912087919	0.11312087912087919
0.6347142857142857	0.6347142857142857
0.09213186813186816	0.09213186813186816
0.503131868131868	0.503131868131868
0.38913186813186823	0.38913186813186823
0.20456043956043946	0.20456043956043946
0.6670659340659341	0.6670659340659341
0.4652857142857145	0.4652857142857145
0.06803296703296702	0.06803296703296702
0.3746923076923076	0.3746923076923076
0.033285714285714266	0.033285714285714266
0.5500769230769232	0.5500769230769232
0.3127032967032967	0.3127032967032967
0.30204395604395595	0.30204395604395595
0.342076923076923	0.342076923076923
0.5070549450549453	0.5070549450549453
0.1262857142857143	0.1262857142857143
0.4455054945054947	0.4455054945054947
0.3955714285714286	0.3955714285714286
0.6903626373626373	0.6903626373626373
0.2631648351648352	0.2631648351648352
0.05114285714285712	0.05114285714285712
0.26687912087912086	0.26687912087912086
0.32046153846153835	0.32046153846153835
0.6322967032967031	0.6322967032967031
0.2932417582417583	0.2932417582417583
0.5269010989010989	0.5269010989010989
0.3166263736263735	0.3166263736263735
0.07634065934065937	0.07634065934065937
0.18635164835164833	0.18635164835164833
0.10792307692307691	0.10792307692307691
0.09397802197802198	0.09397802197802198
0.41490109890109883	0.41490109890109883
0.36557142857142844	0.36557142857142844
0.2780000000000001	0.2780000000000001
0.5125274725274725	0.5125274725274725
0.33016483516483514	0.33016483516483514
0.2856593406593407	0.2856593406593407
0.5557692307692307	0.5557692307692307
0.13325274725274724	0.13325274725274724
0.12234065934065931	0.12234065934065931
0.3087252747252747	0.3087252747252747
0.21059340659340656	0.21059340659340656
0.7303406593406592	0.7303406593406592
0.2897692307692308	0.2897692307692308
0.14195604395604391	0.14195604395604391
0.34630769230769237	0.34630769230769237
0.1594945054945055	0.1594945054945055
0.5602197802197799	0.5602197802197799
0.06812087912087915	0.06812087912087915
0.26074725274725274	0.26074725274725274
0.1316043956043956	0.1316043956043956
0.49443956043956044	0.49443956043956044
0.20957142857142863	0.20957142857142863
0.19757142857142865	0.19757142857142865
0.3372857142857142	0.3372857142857142
0.6226483516483517	0.6226483516483517
0.3635384615384617	0.3635384615384617
0.14540659340659345	0.14540659340659345
0.4831428571428571	0.4831428571428571
0.025131868131868105	0.025131868131868105
0.10656043956043959	0.10656043956043959
0.25354945054945055	0.25354945054945055
0.2522307692307692	0.2522307692307692
0.20172527472527468	0.20172527472527468
0.2691208791208791	0.2691208791208791
0.6404285714285713	0.6404285714285713
0.4938681318681316	0.4938681318681316
0.4160439560439557	0.4160439560439557
0.1941428571428571	0.1941428571428571
0.2907692307692307	0.2907692307692307
0.4294835164835164	0.4294835164835164
0.17167032967032972	0.17167032967032972
0.07876923076923079	0.07876923076923079
0.17668131868131867	0.17668131868131867
0.10317582417582417	0.10317582417582417
0.32164835164835154	0.32164835164835154
0.3815164835164834	0.3815164835164834
0.14727472527472527	0.14727472527472527
0.2288351648351648	0.2288351648351648
0.2640989010989012	0.2640989010989012
0.19243956043956048	0.19243956043956048
0.05057142857142854	0.05057142857142854
0.17248351648351645	0.17248351648351645
0.4729999999999999	0.4729999999999999
0.19667032967032966	0.19667032967032966
0.0966703296703297	0.0966703296703297
0.4410769230769229	0.4410769230769229
0.1492637362637363	0.1492637362637363
0.025373626373626362	0.025373626373626362
0.09757142857142857	0.09757142857142857
0.2452637362637362	0.2452637362637362
0.40286813186813164	0.40286813186813164
0.23142857142857137	0.23142857142857137
0.2486153846153846	0.2486153846153846
0.27352747252747256	0.27352747252747256
0.4728351648351649	0.4728351648351649
0.36242857142857143	0.36242857142857143
0.4552747252747251	0.4552747252747251
0.5699670329670329	0.5699670329670329
0.30843956043956056	0.30843956043956056
0.7951868131868128	0.7951868131868128
0.3421098901098901	0.3421098901098901
0.5503296703296704	0.5503296703296704
0.3000879120879122	0.3000879120879122
0.357978021978022	0.357978021978022
0.24035164835164838	0.24035164835164838
0.17209890109890108	0.17209890109890108
0.48727472527472526	0.48727472527472526
0.32761538461538464	0.32761538461538464
0.3039010989010989	0.3039010989010989
0.49479120879120875	0.49479120879120875
0.5296153846153849	0.5296153846153849
0.3351868131868132	0.3351868131868132
0.142989010989011	0.142989010989011
0.2565054945054946	0.2565054945054946
0.03579120879120878	0.03579120879120878
0.38774725274725264	0.38774725274725264
0.4508571428571429	0.4508571428571429
0.24398901098901093	0.24398901098901093
0.33229670329670324	0.33229670329670324
0.09720879120879126	0.09720879120879126
0.2922197802197803	0.2922197802197803
0.27862637362637366	0.27862637362637366
0.7254395604395603	0.7254395604395603
0.2408791208791208	0.2408791208791208
0.1850219780219781	0.1850219780219781
0.42575824175824206	0.42575824175824206
0.5581098901098901	0.5581098901098901
0.06583516483516479	0.06583516483516479
0.08039560439560438	0.08039560439560438
0.18663736263736266	0.18663736263736266
0.16143956043956048	0.16143956043956048
0.019637362637362626	0.019637362637362626
0.3693956043956044	0.3693956043956044
0.28498901098901097	0.28498901098901097
0.3478571428571428	0.3478571428571428
0.059549450549450524	0.059549450549450524
0.5167912087912087	0.5167912087912087
0.3291868131868131	0.3291868131868131
0.2914065934065935	0.2914065934065935
0.6719560439560438	0.6719560439560438
0.21858241758241762	0.21858241758241762
0.5225824175824175	0.5225824175824175
0.16751648351648346	0.16751648351648346
0.8849120879120882	0.8849120879120882
0.4393186813186814	0.4393186813186814
0.08638461538461537	0.08638461538461537
0.3755494505494506	0.3755494505494506
0.404	0.404
0.7170549450549447	0.7170549450549447
0.4786373626373627	0.4786373626373627
0.13070329670329672	0.13070329670329672
0.06020879120879121	0.06020879120879121
0.48550549450549463	0.48550549450549463
0.2842087912087911	0.2842087912087911
0.16321978021978023	0.16321978021978023
0.06283516483516484	0.06283516483516484
0.07252747252747252	0.07252747252747252
0.2794285714285714	0.2794285714285714
0.12458241758241761	0.12458241758241761
0.11328571428571423	0.11328571428571423
0.1401318681318681	0.1401318681318681
0.5606593406593405	0.5606593406593405
0.32513186813186834	0.32513186813186834
0.49304395604395607	0.49304395604395607
0.34846153846153843	0.34846153846153843
0.037571428571428554	0.037571428571428554
0.5380219780219782	0.5380219780219782
0.08316483516483517	0.08316483516483517
0.17043956043956046	0.17043956043956046
0.3182417582417582	0.3182417582417582
0.29660439560439567	0.29660439560439567
0.10445054945054946	0.10445054945054946
0.2681978021978021	0.2681978021978021
0.18607692307692308	0.18607692307692308
0.18730769230769226	0.18730769230769226
0.2010329670329671	0.2010329670329671
0.12975824175824174	0.12975824175824174
0.43791208791208786	0.43791208791208786
0.04683516483516483	0.04683516483516483
0.1456923076923077	0.1456923076923077
0.37341758241758227	0.37341758241758227
0.25175824175824174	0.25175824175824174
0.22649450549450534	0.22649450549450534
0.2040329670329671	0.2040329670329671
0.09130769230769233	0.09130769230769233
0.3065164835164836	0.3065164835164836
0.022670329670329663	0.022670329670329663
0.5675824175824175	0.5675824175824175
0.425065934065934	0.425065934065934
0.4162527472527473	0.4162527472527473
0.18998901098901105	0.18998901098901105
0.09761538461538459	0.09761538461538459
0.2628901098901098	0.2628901098901098
0.1825384615384615	0.1825384615384615
0.20028571428571434	0.20028571428571434
0.24129670329670327	0.24129670329670327
0.13027472527472525	0.13027472527472525
0.44441758241758245	0.44441758241758245
0.22286813186813184	0.22286813186813184
0.3349230769230769	0.3349230769230769
0.20582417582417592	0.20582417582417592
0.6131758241758242	0.6131758241758242
0.4130219780219781	0.4130219780219781
0.6352967032967032	0.6352967032967032
0.6613296703296707	0.6613296703296707
0.12692307692307692	0.12692307692307692
0.30651648351648336	0.30651648351648336
0.4441758241758243	0.4441758241758243
0.12635164835164833	0.12635164835164833
0.09504395604395607	0.09504395604395607
0.30901098901098906	0.30901098901098906
0.27657142857142847	0.27657142857142847
0.4089120879120879	0.4089120879120879
0.36176923076923084	0.36176923076923084
0.4019670329670329	0.4019670329670329
0.15957142857142856	0.15957142857142856
0.1796923076923077	0.1796923076923077
0.6438571428571429	0.6438571428571429
0.08800000000000001	0.08800000000000001
0.1555274725274726	0.1555274725274726
0.21648351648351646	0.21648351648351646
0.20305494505494512	0.20305494505494512
0.35801098901098893	0.35801098901098893
0.31323076923076926	0.31323076923076926
0.5133186813186815	0.5133186813186815
0.06453846153846152	0.06453846153846152
0.3500989010989012	0.3500989010989012
0.05775824175824174	0.05775824175824174
0.6270989010989011	0.6270989010989011
0.554835164835165	0.554835164835165
0.2102307692307692	0.2102307692307692
0.2951868131868134	0.2951868131868134
0.2511648351648352	0.2511648351648352
0.4943296703296704	0.4943296703296704
0.16325274725274724	0.16325274725274724
0.34901098901098915	0.34901098901098915
0.26483516483516484	0.26483516483516484
0.1201208791208791	0.1201208791208791
0.2918571428571429	0.2918571428571429
0.37267032967032965	0.37267032967032965
0.20429670329670346	0.20429670329670346
0.432923076923077	0.432923076923077
0.08487912087912085	0.08487912087912085
0.14851648351648353	0.14851648351648353
0.2817692307692308	0.2817692307692308
0.10390109890109894	0.10390109890109894
0.06103296703296704	0.06103296703296704
0.41253846153846174	0.41253846153846174
0.22257142857142861	0.22257142857142861
0.07236263736263734	0.07236263736263734
0.5713516483516484	0.5713516483516484
0.020703296703296688	0.020703296703296688
0.45457142857142857	0.45457142857142857
0.318923076923077	0.318923076923077
0.6741208791208791	0.6741208791208791
0.6186923076923078	0.6186923076923078
0.5270439560439562	0.5270439560439562
0.17954945054945048	0.17954945054945048
0.07943956043956048	0.07943956043956048
0.09764835164835167	0.09764835164835167
0.09834065934065932	0.09834065934065932
0.3572197802197802	0.3572197802197802
0.26587912087912074	0.26587912087912074
0.17197802197802195	0.17197802197802195
0.39467032967032956	0.39467032967032956
0.200021978021978	0.200021978021978
0.05799999999999999	0.05799999999999999
0.5325054945054946	0.5325054945054946
0.07603296703296702	0.07603296703296702
0.3958131868131868	0.3958131868131868
0.2625164835164836	0.2625164835164836
0.43513186813186816	0.43513186813186816
0.20107692307692307	0.20107692307692307
0.2037362637362637	0.2037362637362637
0.38256043956043967	0.38256043956043967
0.10337362637362638	0.10337362637362638
0.25323076923076937	0.25323076923076937
0.35232967032967033	0.35232967032967033
0.3646593406593407	0.3646593406593407
0.31371428571428583	0.31371428571428583
0.3173296703296704	0.3173296703296704
0.5933516483516484	0.5933516483516484
0.4621098901098902	0.4621098901098902
0.19737362637362632	0.19737362637362632
0.3607802197802197	0.3607802197802197
